65
63
57
55
55
59
62
63
62
62
63
69
81
84
84
88
92
92
94
96
95
85
72
63
61
59
55
51
51
50
49
50
55
58
66
71
75
79
81
78
79
83
87
90
88
81
83
77
72
72
71
70
67
63
63
65
74
71
77
69
79
84
85
86
89
90
93
94
95
84
73
64
56
51
47
44
48
56
59
60
60
64
68
74
81
87
91
86
90
93
93
94
95
92
73
62
55
54
55
54
54
49
51
45
56
60
68
78
81
82
90
86
76
72
72
73
67
64
60
56
58
62
61
63
63
59
58
58
59
61
75
79
77
77
73
76
78
74
73
72
70
69
62
58
55
58
61
63
64
65
65
66
67
71
73
75
76
76
77
78
77
77
79
79
78
74
72
69
64
