1024.3
1025
1025.3
1025.8
1026
1026.1
1026.1
1026.3
1026.6
1026.8
1027.1
1027.3
1027.6
1027.8
1027.9
1027.6
1027.5
1027.2
1027
1026.7
1026.5
1026.4
1026.2
1025.8
1025
1024.2
1023.4
1022.7
1022
1021.2
1020.1
1019.5
1018.8
1018.4
1018.3
1017.6
1017.9
1018
1017.5
1016.9
1016.1
1015.7
1015.5
1015.4
1015.8
1015.9
1016.4
1016.7
1017
1017.4
1017.5
1017.7
1017.8
1018.2
1018.2
1018.5
1018.8
1019.3
1020
1021.3
1022.2
1022.6
1023.2
1023.6
1023.9
1024.5
1025.2
1025.6
1026.5
1027.2
1027.5
1027.7
1027.9
1028.1
1028.1
1028.1
1028.3
1028.5
1029
1029
1029
1028.9
1029.3
1029.7
1030.4
1030.8
1031
1031
1031.3
1031.5
1031.4
1031
1030.9
1031.2
1031.4
1031.6
1031.5
1031.7
1031.6
1031.2
1031.1
1031.2
1030.7
1030.4
1030.1
1029.9
1030.1
1030.4
1030.7
1030.9
1031.1
1031.2
1031.1
1031
1030.9
1031.1
1031.1
1031.3
1031.4
1031.2
1030.9
1030.9
1030.8
1030.5
1030.2
1029.7
1029.1
1028.7
1028.5
1028.3
1028.5
1028.9
1029.3
1029.5
1029.5
1029.4
1029.4
1029
1028.9
1028.8
1028.7
1028.8
1028.8
1028.6
1028.5
1028.3
1028.1
1027.9
1027.7
1027.5
1027.1
1026.8
1026.3
1026.1
1026.2
1026.6
1027.1
1027.4
1027.2
1027
1026.5
1026.1
1025.4
1025.1
1024.8
1024.7
1024.4
1024.3
1024.1
