16
15.1
16.2
16.5
17.2
16.9
17
16
15.5
14.7
13.8
12.3
9.1
9
8.7
8.3
7.8
7.5
6.9
6.7
7.6
10.1
12.6
15.3
17.4
19.9
21.1
22.6
23.5
24.6
25.2
25.1
24.6
24.6
23.1
21.4
20.3
19.2
18.6
19.4
19.6
19
18.3
17.5
17.8
20.2
20.5
21.3
20.9
20.8
20.7
20.9
21.9
21.4
19.2
18.7
17
17.6
16.4
14.2
11.8
10.8
10.4
9.9
9.3
8.9
8.3
7.2
8.4
10.9
12.7
13.9
15.2
16.1
16.8
18.4
17.8
17.6
16.4
15.9
15.5
15
13.7
12
10.2
7.8
7.6
5.8
5.5
5.4
4.7
4.3
6.3
9.5
13.2
14.4
15.5
16.3
16.3
16.4
16.8
16.5
16.3
16.3
15.6
15
13.9
12.3
12.1
11.9
9.3
10
10.1
10.8
10.4
9.7
11.2
12.7
13.5
14.3
15.4
15.3
15.5
15.5
15.7
15.8
15.5
15.4
15.5
14.9
13
12.5
12.2
11.8
11.5
11.4
11
11
11
11
11.1
11.6
12.8
13.5
14.7
14.9
15.1
14.4
14.9
14.8
14.4
14.1
13.6
13.3
12.6
11.8
11.6
11.4
11.3
10.9
11.1
10.9
10.5
10.6
11
11.8
12.1
13.4
15.4
